# zhaozhou failing vector (charter 20.3)
name: raster_resolve_red
input_bytes: 2056
input_hex: 00 00 00 00 00 00 00 00 00 00 00 00 00 00 00 FF 00 00 00 00 00 00 00 FF 00 00 00 00 00 00 00 FF 00 00 00 00 00 00 00 FF 00 00 00 00 00 00 00 FF 00 00 00 00 00 00 00 FF 00 00 00 00 00 00 00 FF 00 00 00 00 00 00 00 FF 00 00 00 00 00 00 00 FF 00 00 00 00 00 00 00 FF 00 00 00 00 00 00 00 FF 00 00 00 00 00 00 00 FF 00 00 00 00 00 00 00 FF 00 00 00 00 00 00 00 FF 00 00 00 00 00 00 00 FF 00 00 00 00 00 00 00 FF 00 00 00 00 00 00 00 FF 00 00 00 00 00 00 00 FF 00 00 00 00 00 00 00 FF 00 00 00 00 00 00 00 FF 00 00 00 00 00 00 00 FF 00 00 00 00 00 00 00 FF 00 00 00 00 00 00 00 FF 00 00 00 00 00 00 00 FF 00 00 00 00 00 00 00 FF 00 00 00 00 00 00 00 FF 00 00 00 00 00 00 00 FF 00 00 00 00 00 00 00 FF 00 00 00 00 00 00 00 FF 00 00 00 00 00 00 00 FF 00 00 00 00 00 00 00 FF 00 00 00 00 00 00 00 FF 00 00 00 00 00 00 00 FF 00 00 00 00 00 00 00 FF 00 00 00 00 00 00 00 FF 00 00 00 00 00 00 00 FF 00 00 00 00 00 00 00 FF 00 00 00 00 00 00 00 FF 00 00 00 00 00 00 00 FF 00 00 00 00 00 00 00 FF 00 00 00 00 00 00 00 FF 00 00 00 00 00 00 00 FF 00 00 00 00 00 00 00 FF 00 00 00 00 00 00 00 FF 00 00 00 00 00 00 00 FF 00 00 00 00 00 00 00 FF 00 00 00 00 00 00 00 FF 00 00 00 00 00 00 00 FF 00 00 00 00 00 00 00 FF 00 00 00 00 00 00 00 FF 00 00 00 00 00 00 00 FF 00 00 00 00 00 00 00 FF 00 00 00 00 00 00 00 FF 00 00 00 00 00 00 00 FF 00 00 00 00 00 00 00 FF 00 00 00 00 00 00 00 FF 00 00 00 00 00 00 00 FF 00 00 00 00 00 00 00 FF 00 00 00 00 00 00 00 FF 00 00 00 00 00 00 00 FF 00 00 00 00 00 00 00 FF 00 00 00 00 00 00 00 FF 00 00 00 00 00 00 00 FF 00 00 00 00 00 00 00 FF 00 00 00 00 00 00 00 FF 00 00 00 00 00 00 00 FF 00 00 00 00 00 00 00 FF 00 00 00 00 00 00 00 FF 00 00 00 00 00 00 00 FF 00 00 00 00 00 00 00 FF 00 00 00 00 00 00 00 FF 00 00 00 00 00 00 00 FF 00 00 00 00 00 00 00 FF 00 00 00 00 00 00 00 FF 00 00 00 00 00 00 00 FF 00 00 00 00 00 00 00 FF 00 00 00 00 00 00 00 FF 00 00 00 00 00 00 00 FF 00 00 00 00 00 00 00 FF 00 00 00 00 00 00 00 FF 00 00 00 00 00 00 00 FF 00 00 00 00 00 00 00 FF 00 00 00 00 00 00 00 FF 00 00 00 00 00 00 00 FF 00 00 00 00 00 00 00 FF 00 00 00 00 00 00 00 FF 00 00 00 00 00 00 00 FF 00 00 00 00 00 00 00 FF 00 00 00 00 00 00 00 FF 00 00 00 00 00 00 00 FF 00 00 00 00 00 00 00 FF 00 00 00 00 00 00 00 FF 00 00 00 00 00 00 00 FF 00 00 00 00 00 00 00 FF 00 00 00 00 00 00 00 FF 00 00 00 00 00 00 00 FF 00 00 00 00 00 00 00 FF 00 00 00 00 00 00 00 FF 00 00 00 00 00 00 00 FF 00 00 00 00 00 00 00 FF 00 00 00 00 00 00 00 FF 00 00 00 00 00 00 00 FF 00 00 00 00 00 00 00 FF 00 00 00 00 00 00 00 FF 00 00 00 00 00 00 00 FF 00 00 00 00 00 00 00 FF 00 00 00 00 00 00 00 FF 00 00 00 00 00 00 00 FF 00 00 00 00 00 00 00 FF 00 00 00 00 00 00 00 FF 00 00 00 00 00 00 00 FF 00 00 00 00 00 00 00 FF 00 00 00 00 00 00 00 FF 00 00 00 00 00 00 00 FF 00 00 00 00 00 00 00 FF 00 00 00 00 00 00 00 FF 00 00 00 00 00 00 00 FF 00 00 00 00 00 00 00 FF 00 00 00 00 00 00 00 FF 00 00 00 00 00 00 00 FF 00 00 00 00 00 00 00 FF 00 00 00 00 00 00 00 FF 00 00 00 00 00 00 00 FF 00 00 00 00 00 00 00 FF 00 00 00 00 00 00 00 FF 00 00 00 00 00 00 00 FF 00 00 00 00 00 00 00 FF 00 00 00 00 00 00 00 FF 00 00 00 00 00 00 00 FF 00 00 00 00 00 00 00 FF 00 00 00 00 00 00 00 FF 00 00 00 00 00 00 00 FF 00 00 00 00 00 00 00 FF 00 00 00 00 00 00 00 FF 00 00 00 00 00 00 00 FF 00 00 00 00 00 00 00 FF 00 00 00 00 00 00 00 FF 00 00 00 00 00 00 00 FF 00 00 00 00 00 00 00 FF 00 00 00 00 00 00 00 FF 00 00 00 00 00 00 00 FF 00 00 00 00 00 00 00 FF 00 00 00 00 00 00 00 FF 00 00 00 00 00 00 00 FF 00 00 00 00 00 00 00 FF 00 00 00 00 00 00 00 FF 00 00 00 00 00 00 00 FF 00 00 00 00 00 00 00 FF 00 00 00 00 00 00 00 FF 00 00 00 00 00 00 00 FF 00 00 00 00 00 00 00 FF 00 00 00 00 00 00 00 FF 00 00 00 00 00 00 00 FF 00 00 00 00 00 00 00 FF 00 00 00 00 00 00 00 FF 00 00 00 00 00 00 00 FF 00 00 00 00 00 00 00 FF 00 00 00 00 00 00 00 FF 00 00 00 00 00 00 00 FF 00 00 00 00 00 00 00 FF 00 00 00 00 00 00 00 FF 00 00 00 00 00 00 00 FF 00 00 00 00 00 00 00 FF 00 00 00 00 00 00 00 FF 00 00 00 00 00 00 00 FF 00 00 00 00 00 00 00 FF 00 00 00 00 00 00 00 FF 00 00 00 00 00 00 00 FF 00 00 00 00 00 00 00 FF 00 00 00 00 00 00 00 FF 00 00 00 00 00 00 00 FF 00 00 00 00 00 00 00 FF 00 00 00 00 00 00 00 FF 00 00 00 00 00 00 00 FF 00 00 00 00 00 00 00 FF 00 00 00 00 00 00 00 FF 00 00 00 00 00 00 00 FF 00 00 00 00 00 00 00 FF 00 00 00 00 00 00 00 FF 00 00 00 00 00 00 00 FF 00 00 00 00 00 00 00 FF 00 00 00 00 00 00 00 FF 00 00 00 00 00 00 00 FF 00 00 00 00 00 00 00 FF 00 00 00 00 00 00 00 FF 00 00 00 00 00 00 00 FF 00 00 00 00 00 00 00 FF 00 00 00 00 00 00 00 FF 00 00 00 00 00 00 00 FF 00 00 00 00 00 00 00 FF 00 00 00 00 00 00 00 FF 00 00 00 00 00 00 00 FF 00 00 00 00 00 00 00 FF 00 00 00 00 00 00 00 FF 00 00 00 00 00 00 00 FF 00 00 00 00 00 00 00 FF 00 00 00 00 00 00 00 FF 00 00 00 00 00 00 00 FF 00 00 00 00 00 00 00 FF 00 00 00 00 00 00 00 FF 00 00 00 00 00 00 00 FF 00 00 00 00 00 00 00 FF 00 00 00 00 00 00 00 FF 00 00 00 00 00 00 00 FF 00 00 00 00 00 00 00 FF 00 00 00 00 00 00 00 FF 00 00 00 00 00 00 00 FF 00 00 00 00 00 00 00 FF 00 00 00 00 00 00 00 FF 00 00 00 00 00 00 00 FF 00 00 00 00 00 00 00 FF 00 00 00 00 00 00 00 FF 00 00 00 00 00 00 00 FF 00 00 00 00 00 00 00 FF 00 00 00 00 00 00 00 FF 00 00 00 00 00 00 00 FF 00 00 00 00 00 00 00 FF 00 00 00 00 00 00 00 FF 00 00 00 00 00 00 00 FF 00 00 00 00 00 00 00 FF 00 00 00 00 00 00 00 FF 00 00 00 00 00 00 00 FF 00 00 00 00 00 00 00 FF 00 00 00 00 00 00 00 FF 00 00 00 00 00 00 00 FF 00 00 00 00 00 00 00 FF 00 00 00 00 00 00 00 FF 00 00 00 00 00 00 00 FF 00 00 00 00 00 00 00 FF 00 00 00 00 00 00 00 FF 00 00 00 00 00 00 00 FF 00 00 00 00 00 00 00 FF 00 00 00 00 00 00 00 FF 00 00 00 00 00 00 00 FF 00 00 00 00 00 00 00 FF 00 00 00 00 00 00 00 FF 00 00 00 00 00 00 00 FF 00 00 00 00 00 00 00 FF 00 00 00 00 00 00 00 FF 00 00 00 00 00 00 00 FF 00 00 00 00 00 00 00 FF 00 00 00 00 00 00 00 FF 00 00 00 00 00 00 00 FF 00 00 00 00 00 00 00 FF 00 00 00 00 00 00 00 FF 00 00 00 00 00 00 00 FF 00 00 00 00 00 00 00 FF 00 00 00 00 00 00 00 FF 00 00 00 00 00 00 00 FF 00 00 00 00 00 00 00 FF 00 00 00 00 00 00 00 FF 00 00 00 00 00 00 00 FF 00 00 00 00 00 00 00 FF 00 00 00 00 00 00 00 FF 00 00 00 00 00 00 00 FF 00 00 00 00 00 00 00 FF
expected: zref::TileResolve
actual: tile origin (0,0)
  px   1 (row  0 col  1): oracle F800/00 rtl 0000/00
  px   3 (row  0 col  3): oracle F800/00 rtl 0000/00
  px   5 (row  0 col  5): oracle F800/00 rtl 0000/00
  px   7 (row  0 col  7): oracle F800/00 rtl 0000/00
  px   9 (row  0 col  9): oracle F800/00 rtl 0000/00
  px  11 (row  0 col 11): oracle F800/00 rtl 0000/00
  px  13 (row  0 col 13): oracle F800/00 rtl 0000/00
  px  15 (row  0 col 15): oracle F800/00 rtl 0000/00
  crc oracle 2224CB6D rtl 2224CB6D
