# zhaozhou failing vector (charter 20.3)
name: raster_resolve_b2b
input_bytes: 2056
input_hex: 03 00 00 00 0B 00 00 00 00 00 00 00 05 05 C8 00 00 00 00 00 05 08 C9 06 00 00 00 00 05 0B CA 0C 00 00 00 00 05 0E CB 12 00 00 00 00 05 11 CC 18 00 00 00 00 05 14 CD 1E 00 00 00 00 05 17 CE 24 00 00 00 00 05 1A CF 2A 00 00 00 00 05 1D D0 30 00 00 00 00 05 20 D1 36 00 00 00 00 05 23 D2 3C 00 00 00 00 05 26 D3 42 00 00 00 00 05 29 D4 48 00 00 00 00 05 2C D5 4E 00 00 00 00 05 2F D6 54 00 00 00 00 05 32 D7 5A 00 00 00 00 05 35 D8 60 00 00 00 00 05 38 D9 66 00 00 00 00 05 3B DA 6C 00 00 00 00 05 3E DB 72 00 00 00 00 05 41 DC 78 00 00 00 00 05 44 DD 7E 00 00 00 00 05 47 DE 84 00 00 00 00 05 4A DF 8A 00 00 00 00 05 4D E0 90 00 00 00 00 05 50 E1 96 00 00 00 00 05 53 E2 9C 00 00 00 00 05 56 E3 A2 00 00 00 00 05 59 E4 A8 00 00 00 00 05 5C E5 AE 00 00 00 00 05 5F E6 B4 00 00 00 00 05 62 E7 BA 00 00 00 00 05 65 E8 C0 00 00 00 00 05 68 E9 C6 00 00 00 00 05 6B EA CC 00 00 00 00 05 6E EB D2 00 00 00 00 05 71 EC D8 00 00 00 00 05 74 ED DE 00 00 00 00 05 77 EE E4 00 00 00 00 05 7A EF EA 00 00 00 00 05 7D F0 F0 00 00 00 00 05 80 F1 F6 00 00 00 00 05 83 F2 FC 00 00 00 00 05 86 F3 02 00 00 00 00 05 89 F4 08 00 00 00 00 05 8C F5 0E 00 00 00 00 05 8F F6 14 00 00 00 00 05 92 F7 1A 00 00 00 00 05 95 F8 20 00 00 00 00 05 98 F9 26 00 00 00 00 05 9B FA 2C 00 00 00 00 05 9E FB 32 00 00 00 00 05 A1 FC 38 00 00 00 00 05 A4 FD 3E 00 00 00 00 05 A7 FE 44 00 00 00 00 05 AA FF 4A 00 00 00 00 05 AD 00 50 00 00 00 00 05 B0 01 56 00 00 00 00 05 B3 02 5C 00 00 00 00 05 B6 03 62 00 00 00 00 05 B9 04 68 00 00 00 00 05 BC 05 6E 00 00 00 00 05 BF 06 74 00 00 00 00 05 C2 07 7A 00 00 00 00 05 C5 08 80 00 00 00 00 05 C8 09 86 00 00 00 00 05 CB 0A 8C 00 00 00 00 05 CE 0B 92 00 00 00 00 05 D1 0C 98 00 00 00 00 05 D4 0D 9E 00 00 00 00 05 D7 0E A4 00 00 00 00 05 DA 0F AA 00 00 00 00 05 DD 10 B0 00 00 00 00 05 E0 11 B6 00 00 00 00 05 E3 12 BC 00 00 00 00 05 E6 13 C2 00 00 00 00 05 E9 14 C8 00 00 00 00 05 EC 15 CE 00 00 00 00 05 EF 16 D4 00 00 00 00 05 F2 17 DA 00 00 00 00 05 F5 18 E0 00 00 00 00 05 F8 19 E6 00 00 00 00 05 FB 1A EC 00 00 00 00 05 FE 1B F2 00 00 00 00 05 01 1C F8 00 00 00 00 05 04 1D FE 00 00 00 00 05 07 1E 04 00 00 00 00 05 0A 1F 0A 00 00 00 00 05 0D 20 10 00 00 00 00 05 10 21 16 00 00 00 00 05 13 22 1C 00 00 00 00 05 16 23 22 00 00 00 00 05 19 24 28 00 00 00 00 05 1C 25 2E 00 00 00 00 05 1F 26 34 00 00 00 00 05 22 27 3A 00 00 00 00 05 25 28 40 00 00 00 00 05 28 29 46 00 00 00 00 05 2B 2A 4C 00 00 00 00 05 2E 2B 52 00 00 00 00 05 31 2C 58 00 00 00 00 05 34 2D 5E 00 00 00 00 05 37 2E 64 00 00 00 00 05 3A 2F 6A 00 00 00 00 05 3D 30 70 00 00 00 00 05 40 31 76 00 00 00 00 05 43 32 7C 00 00 00 00 05 46 33 82 00 00 00 00 05 49 34 88 00 00 00 00 05 4C 35 8E 00 00 00 00 05 4F 36 94 00 00 00 00 05 52 37 9A 00 00 00 00 05 55 38 A0 00 00 00 00 05 58 39 A6 00 00 00 00 05 5B 3A AC 00 00 00 00 05 5E 3B B2 00 00 00 00 05 61 3C B8 00 00 00 00 05 64 3D BE 00 00 00 00 05 67 3E C4 00 00 00 00 05 6A 3F CA 00 00 00 00 05 6D 40 D0 00 00 00 00 05 70 41 D6 00 00 00 00 05 73 42 DC 00 00 00 00 05 76 43 E2 00 00 00 00 05 79 44 E8 00 00 00 00 05 7C 45 EE 00 00 00 00 05 7F 46 F4 00 00 00 00 05 82 47 FA 00 00 00 00 05 85 48 00 00 00 00 00 05 88 49 06 00 00 00 00 05 8B 4A 0C 00 00 00 00 05 8E 4B 12 00 00 00 00 05 91 4C 18 00 00 00 00 05 94 4D 1E 00 00 00 00 05 97 4E 24 00 00 00 00 05 9A 4F 2A 00 00 00 00 05 9D 50 30 00 00 00 00 05 A0 51 36 00 00 00 00 05 A3 52 3C 00 00 00 00 05 A6 53 42 00 00 00 00 05 A9 54 48 00 00 00 00 05 AC 55 4E 00 00 00 00 05 AF 56 54 00 00 00 00 05 B2 57 5A 00 00 00 00 05 B5 58 60 00 00 00 00 05 B8 59 66 00 00 00 00 05 BB 5A 6C 00 00 00 00 05 BE 5B 72 00 00 00 00 05 C1 5C 78 00 00 00 00 05 C4 5D 7E 00 00 00 00 05 C7 5E 84 00 00 00 00 05 CA 5F 8A 00 00 00 00 05 CD 60 90 00 00 00 00 05 D0 61 96 00 00 00 00 05 D3 62 9C 00 00 00 00 05 D6 63 A2 00 00 00 00 05 D9 64 A8 00 00 00 00 05 DC 65 AE 00 00 00 00 05 DF 66 B4 00 00 00 00 05 E2 67 BA 00 00 00 00 05 E5 68 C0 00 00 00 00 05 E8 69 C6 00 00 00 00 05 EB 6A CC 00 00 00 00 05 EE 6B D2 00 00 00 00 05 F1 6C D8 00 00 00 00 05 F4 6D DE 00 00 00 00 05 F7 6E E4 00 00 00 00 05 FA 6F EA 00 00 00 00 05 FD 70 F0 00 00 00 00 05 00 71 F6 00 00 00 00 05 03 72 FC 00 00 00 00 05 06 73 02 00 00 00 00 05 09 74 08 00 00 00 00 05 0C 75 0E 00 00 00 00 05 0F 76 14 00 00 00 00 05 12 77 1A 00 00 00 00 05 15 78 20 00 00 00 00 05 18 79 26 00 00 00 00 05 1B 7A 2C 00 00 00 00 05 1E 7B 32 00 00 00 00 05 21 7C 38 00 00 00 00 05 24 7D 3E 00 00 00 00 05 27 7E 44 00 00 00 00 05 2A 7F 4A 00 00 00 00 05 2D 80 50 00 00 00 00 05 30 81 56 00 00 00 00 05 33 82 5C 00 00 00 00 05 36 83 62 00 00 00 00 05 39 84 68 00 00 00 00 05 3C 85 6E 00 00 00 00 05 3F 86 74 00 00 00 00 05 42 87 7A 00 00 00 00 05 45 88 80 00 00 00 00 05 48 89 86 00 00 00 00 05 4B 8A 8C 00 00 00 00 05 4E 8B 92 00 00 00 00 05 51 8C 98 00 00 00 00 05 54 8D 9E 00 00 00 00 05 57 8E A4 00 00 00 00 05 5A 8F AA 00 00 00 00 05 5D 90 B0 00 00 00 00 05 60 91 B6 00 00 00 00 05 63 92 BC 00 00 00 00 05 66 93 C2 00 00 00 00 05 69 94 C8 00 00 00 00 05 6C 95 CE 00 00 00 00 05 6F 96 D4 00 00 00 00 05 72 97 DA 00 00 00 00 05 75 98 E0 00 00 00 00 05 78 99 E6 00 00 00 00 05 7B 9A EC 00 00 00 00 05 7E 9B F2 00 00 00 00 05 81 9C F8 00 00 00 00 05 84 9D FE 00 00 00 00 05 87 9E 04 00 00 00 00 05 8A 9F 0A 00 00 00 00 05 8D A0 10 00 00 00 00 05 90 A1 16 00 00 00 00 05 93 A2 1C 00 00 00 00 05 96 A3 22 00 00 00 00 05 99 A4 28 00 00 00 00 05 9C A5 2E 00 00 00 00 05 9F A6 34 00 00 00 00 05 A2 A7 3A 00 00 00 00 05 A5 A8 40 00 00 00 00 05 A8 A9 46 00 00 00 00 05 AB AA 4C 00 00 00 00 05 AE AB 52 00 00 00 00 05 B1 AC 58 00 00 00 00 05 B4 AD 5E 00 00 00 00 05 B7 AE 64 00 00 00 00 05 BA AF 6A 00 00 00 00 05 BD B0 70 00 00 00 00 05 C0 B1 76 00 00 00 00 05 C3 B2 7C 00 00 00 00 05 C6 B3 82 00 00 00 00 05 C9 B4 88 00 00 00 00 05 CC B5 8E 00 00 00 00 05 CF B6 94 00 00 00 00 05 D2 B7 9A 00 00 00 00 05 D5 B8 A0 00 00 00 00 05 D8 B9 A6 00 00 00 00 05 DB BA AC 00 00 00 00 05 DE BB B2 00 00 00 00 05 E1 BC B8 00 00 00 00 05 E4 BD BE 00 00 00 00 05 E7 BE C4 00 00 00 00 05 EA BF CA 00 00 00 00 05 ED C0 D0 00 00 00 00 05 F0 C1 D6 00 00 00 00 05 F3 C2 DC 00 00 00 00 05 F6 C3 E2 00 00 00 00 05 F9 C4 E8 00 00 00 00 05 FC C5 EE 00 00 00 00 05 FF C6 F4 00 00 00 00 05 02 C7 FA
expected: zref::TileResolve
actual: tile origin (3,11)
  px   0 (row  0 col  0): oracle 0620/05 rtl 0E41/05
  px   1 (row  0 col  1): oracle 0E41/05 rtl 0000/00
  px   4 (row  0 col  4): oracle 1E42/05 rtl 0000/00
  px   6 (row  0 col  6): oracle 2663/05 rtl 2E63/05
  px   7 (row  0 col  7): oracle 2E64/05 rtl 0000/00
  px   8 (row  0 col  8): oracle 3663/05 rtl 3664/05
  px   9 (row  0 col  9): oracle 3E84/05 rtl 0000/00
  px  11 (row  0 col 11): oracle 4685/05 rtl 4EA5/05
  crc oracle C17D3842 rtl A3BFCE47
