# zhaozhou failing vector (charter 20.3)
name: raster_resolve_sweep
input_bytes: 2056
input_hex: 00 00 00 00 00 00 00 00 00 00 00 00 00 FF 00 00 00 00 00 00 00 FF 00 00 00 00 00 00 00 FF 00 00 00 00 00 00 00 FF 00 00 00 00 00 00 00 FF 00 00 00 00 00 00 00 FF 00 00 00 00 00 00 00 FF 00 00 00 00 00 00 00 FF 00 00 00 00 00 00 00 FF 00 00 00 00 00 00 00 FF 00 00 00 00 00 00 00 FF 00 00 00 00 00 00 00 FF 00 00 00 00 00 00 00 FF 00 00 00 00 00 00 00 FF 00 00 00 00 00 00 00 FF 00 00 00 00 00 00 00 FF 00 00 00 00 00 00 00 FF 00 00 00 00 00 00 00 FF 00 00 00 00 00 00 00 FF 00 00 00 00 00 00 00 FF 00 00 00 00 00 00 00 FF 00 00 00 00 00 00 00 FF 00 00 00 00 00 00 00 FF 00 00 00 00 00 00 00 FF 00 00 00 00 00 00 00 FF 00 00 00 00 00 00 00 FF 00 00 00 00 00 00 00 FF 00 00 00 00 00 00 00 FF 00 00 00 00 00 00 00 FF 00 00 00 00 00 00 00 FF 00 00 00 00 00 00 00 FF 00 00 00 00 00 00 00 FF 00 00 00 00 00 00 00 FF 00 00 00 00 00 00 00 FF 00 00 00 00 00 00 00 FF 00 00 00 00 00 00 00 FF 00 00 00 00 00 00 00 FF 00 00 00 00 00 00 00 FF 00 00 00 00 00 00 00 FF 00 00 00 00 00 00 00 FF 00 00 00 00 00 00 00 FF 00 00 00 00 00 00 00 FF 00 00 00 00 00 00 00 FF 00 00 00 00 00 00 00 FF 00 00 00 00 00 00 00 FF 00 00 00 00 00 00 00 FF 00 00 00 00 00 00 00 FF 00 00 00 00 00 00 00 FF 00 00 00 00 00 00 00 FF 00 00 00 00 00 00 00 FF 00 00 00 00 00 00 00 FF 00 00 00 00 00 00 00 FF 00 00 00 00 00 00 00 FF 00 00 00 00 00 00 00 FF 00 00 00 00 00 00 00 FF 00 00 00 00 00 00 00 FF 00 00 00 00 00 00 00 FF 00 00 00 00 00 00 00 FF 00 00 00 00 00 00 00 FF 00 00 00 00 00 00 00 FF 00 00 00 00 00 00 00 FF 00 00 00 00 00 00 00 FF 00 00 00 00 00 00 00 FF 00 00 00 00 00 00 00 FF 00 00 00 00 00 00 00 FF 00 00 00 00 00 00 00 FF 00 00 00 00 00 00 00 FF 00 00 00 00 00 00 00 FF 00 00 00 00 00 00 00 FF 00 00 00 00 00 00 00 FF 00 00 00 00 00 00 00 FF 00 00 00 00 00 00 00 FF 00 00 00 00 00 00 00 FF 00 00 00 00 00 00 00 FF 00 00 00 00 00 00 00 FF 00 00 00 00 00 00 00 FF 00 00 00 00 00 00 00 FF 00 00 00 00 00 00 00 FF 00 00 00 00 00 00 00 FF 00 00 00 00 00 00 00 FF 00 00 00 00 00 00 00 FF 00 00 00 00 00 00 00 FF 00 00 00 00 00 00 00 FF 00 00 00 00 00 00 00 FF 00 00 00 00 00 00 00 FF 00 00 00 00 00 00 00 FF 00 00 00 00 00 00 00 FF 00 00 00 00 00 00 00 FF 00 00 00 00 00 00 00 FF 00 00 00 00 00 00 00 FF 00 00 00 00 00 00 00 FF 00 00 00 00 00 00 00 FF 00 00 00 00 00 00 00 FF 00 00 00 00 00 00 00 FF 00 00 00 00 00 00 00 FF 00 00 00 00 00 00 00 FF 00 00 00 00 00 00 00 FF 00 00 00 00 00 00 00 FF 00 00 00 00 00 00 00 FF 00 00 00 00 00 00 00 FF 00 00 00 00 00 00 00 FF 00 00 00 00 00 00 00 FF 00 00 00 00 00 00 00 FF 00 00 00 00 00 00 00 FF 00 00 00 00 00 00 00 FF 00 00 00 00 00 00 00 FF 00 00 00 00 00 00 00 FF 00 00 00 00 00 00 00 FF 00 00 00 00 00 00 00 FF 00 00 00 00 00 00 00 FF 00 00 00 00 00 00 00 FF 00 00 00 00 00 00 00 FF 00 00 00 00 00 00 00 FF 00 00 00 00 00 00 00 FF 00 00 00 00 00 00 00 FF 00 00 00 00 00 00 00 FF 00 00 00 00 00 00 00 FF 00 00 00 00 00 00 00 FF 00 00 00 00 00 00 00 FF 00 00 00 00 00 00 00 FF 00 00 00 00 00 00 00 FF 00 00 00 00 00 00 00 FF 00 00 00 00 00 00 00 FF 00 00 00 00 00 00 00 FF 00 00 00 00 00 00 00 FF 00 00 00 00 00 00 00 FF 00 00 00 00 00 00 00 FF 00 00 00 00 00 00 00 FF 00 00 00 00 00 00 00 FF 00 00 00 00 00 00 00 FF 00 00 00 00 00 00 00 FF 00 00 00 00 00 00 00 FF 00 00 00 00 00 00 00 FF 00 00 00 00 00 00 00 FF 00 00 00 00 00 00 00 FF 00 00 00 00 00 00 00 FF 00 00 00 00 00 00 00 FF 00 00 00 00 00 00 00 FF 00 00 00 00 00 00 00 FF 00 00 00 00 00 00 00 FF 00 00 00 00 00 00 00 FF 00 00 00 00 00 00 00 FF 00 00 00 00 00 00 00 FF 00 00 00 00 00 00 00 FF 00 00 00 00 00 00 00 FF 00 00 00 00 00 00 00 FF 00 00 00 00 00 00 00 FF 00 00 00 00 00 00 00 FF 00 00 00 00 00 00 00 FF 00 00 00 00 00 00 00 FF 00 00 00 00 00 00 00 FF 00 00 00 00 00 00 00 FF 00 00 00 00 00 00 00 FF 00 00 00 00 00 00 00 FF 00 00 00 00 00 00 00 FF 00 00 00 00 00 00 00 FF 00 00 00 00 00 00 00 FF 00 00 00 00 00 00 00 FF 00 00 00 00 00 00 00 FF 00 00 00 00 00 00 00 FF 00 00 00 00 00 00 00 FF 00 00 00 00 00 00 00 FF 00 00 00 00 00 00 00 FF 00 00 00 00 00 00 00 FF 00 00 00 00 00 00 00 FF 00 00 00 00 00 00 00 FF 00 00 00 00 00 00 00 FF 00 00 00 00 00 00 00 FF 00 00 00 00 00 00 00 FF 00 00 00 00 00 00 00 FF 00 00 00 00 00 00 00 FF 00 00 00 00 00 00 00 FF 00 00 00 00 00 00 00 FF 00 00 00 00 00 00 00 FF 00 00 00 00 00 00 00 FF 00 00 00 00 00 00 00 FF 00 00 00 00 00 00 00 FF 00 00 00 00 00 00 00 FF 00 00 00 00 00 00 00 FF 00 00 00 00 00 00 00 FF 00 00 00 00 00 00 00 FF 00 00 00 00 00 00 00 FF 00 00 00 00 00 00 00 FF 00 00 00 00 00 00 00 FF 00 00 00 00 00 00 00 FF 00 00 00 00 00 00 00 FF 00 00 00 00 00 00 00 FF 00 00 00 00 00 00 00 FF 00 00 00 00 00 00 00 FF 00 00 00 00 00 00 00 FF 00 00 00 00 00 00 00 FF 00 00 00 00 00 00 00 FF 00 00 00 00 00 00 00 FF 00 00 00 00 00 00 00 FF 00 00 00 00 00 00 00 FF 00 00 00 00 00 00 00 FF 00 00 00 00 00 00 00 FF 00 00 00 00 00 00 00 FF 00 00 00 00 00 00 00 FF 00 00 00 00 00 00 00 FF 00 00 00 00 00 00 00 FF 00 00 00 00 00 00 00 FF 00 00 00 00 00 00 00 FF 00 00 00 00 00 00 00 FF 00 00 00 00 00 00 00 FF 00 00 00 00 00 00 00 FF 00 00 00 00 00 00 00 FF 00 00 00 00 00 00 00 FF 00 00 00 00 00 00 00 FF 00 00 00 00 00 00 00 FF 00 00 00 00 00 00 00 FF 00 00 00 00 00 00 00 FF 00 00 00 00 00 00 00 FF 00 00 00 00 00 00 00 FF 00 00 00 00 00 00 00 FF 00 00 00 00 00 00 00 FF 00 00 00 00 00 00 00 FF 00 00 00 00 00 00 00 FF 00 00 00 00 00 00 00 FF 00 00 00 00 00 00 00 FF 00 00 00 00 00 00 00 FF 00 00 00 00 00 00 00 FF 00 00 00 00 00 00 00 FF 00 00 00 00 00 00 00 FF 00 00 00 00 00 00 00 FF 00 00 00 00 00 00 00 FF 00 00 00 00 00 00 00 FF 00 00 00 00 00 00 00 FF 00 00 00 00 00 00 00 FF 00 00 00 00 00 00 00 FF 00 00 00 00 00 00 00 FF 00 00 00 00 00 00 00 FF 00 00 00 00 00 00 00 FF 00 00 00 00 00 00 00 FF 00 00 00 00 00 00 00 FF 00 00 00 00 00 00 00 FF 00 00 00 00 00 00 00 FF 00 00 00 00 00 00 00 FF 00 00 00 00 00 00 00 FF 00 00 00 00 00 00 00 FF 00 00 00 00 00 00 00 FF 00 00 00 00 00 00 00 FF 00 00 00 00 00 00 00 FF 00 00 00 00 00 00 00 FF 00 00 00 00 00 00 00 FF 00 00 00 00 00 00 00 FF 00 00 00 00 00 00 00 FF 00 00 00 00 00 00 00 FF 00 00 00 00 00 00 00 FF 00 00 00 00 00 00 00 FF 00 00 00 00 00 00 00 FF 00 00 00 00 00 00 00 FF 00 00 00 00 00 00 00 FF 00 00 00 00 00 00 00 FF 00 00 00 00 00 00 00 FF 00 00 00 00 00 00 00 FF 00 00
expected: zref::TileResolve
actual: tile origin (0,0)
  px   1 (row  0 col  1): oracle 001F/00 rtl 0000/00
  px   3 (row  0 col  3): oracle 001F/00 rtl 0000/00
  px   5 (row  0 col  5): oracle 001F/00 rtl 0000/00
  px   7 (row  0 col  7): oracle 001F/00 rtl 0000/00
  px   9 (row  0 col  9): oracle 001F/00 rtl 0000/00
  px  11 (row  0 col 11): oracle 001F/00 rtl 0000/00
  px  13 (row  0 col 13): oracle 001F/00 rtl 0000/00
  px  15 (row  0 col 15): oracle 001F/00 rtl 0000/00
  crc oracle 52945A88 rtl 52945A88
