# zhaozhou failing vector (charter 20.3)
name: raster_resolve_tag_indep
input_bytes: 2056
input_hex: 03 00 00 00 03 00 00 00 00 00 00 00 00 03 80 FF 00 00 00 00 01 03 80 FF 00 00 00 00 02 03 80 FF 00 00 00 00 03 03 80 FF 00 00 00 00 04 03 80 FF 00 00 00 00 05 03 80 FF 00 00 00 00 06 03 80 FF 00 00 00 00 07 03 80 FF 00 00 00 00 08 03 80 FF 00 00 00 00 09 03 80 FF 00 00 00 00 0A 03 80 FF 00 00 00 00 0B 03 80 FF 00 00 00 00 0C 03 80 FF 00 00 00 00 0D 03 80 FF 00 00 00 00 0E 03 80 FF 00 00 00 00 0F 03 80 FF 00 00 00 00 10 03 80 FF 00 00 00 00 11 03 80 FF 00 00 00 00 12 03 80 FF 00 00 00 00 13 03 80 FF 00 00 00 00 14 03 80 FF 00 00 00 00 15 03 80 FF 00 00 00 00 16 03 80 FF 00 00 00 00 17 03 80 FF 00 00 00 00 18 03 80 FF 00 00 00 00 19 03 80 FF 00 00 00 00 1A 03 80 FF 00 00 00 00 1B 03 80 FF 00 00 00 00 1C 03 80 FF 00 00 00 00 1D 03 80 FF 00 00 00 00 1E 03 80 FF 00 00 00 00 1F 03 80 FF 00 00 00 00 20 03 80 FF 00 00 00 00 21 03 80 FF 00 00 00 00 22 03 80 FF 00 00 00 00 23 03 80 FF 00 00 00 00 24 03 80 FF 00 00 00 00 25 03 80 FF 00 00 00 00 26 03 80 FF 00 00 00 00 27 03 80 FF 00 00 00 00 28 03 80 FF 00 00 00 00 29 03 80 FF 00 00 00 00 2A 03 80 FF 00 00 00 00 2B 03 80 FF 00 00 00 00 2C 03 80 FF 00 00 00 00 2D 03 80 FF 00 00 00 00 2E 03 80 FF 00 00 00 00 2F 03 80 FF 00 00 00 00 30 03 80 FF 00 00 00 00 31 03 80 FF 00 00 00 00 32 03 80 FF 00 00 00 00 33 03 80 FF 00 00 00 00 34 03 80 FF 00 00 00 00 35 03 80 FF 00 00 00 00 36 03 80 FF 00 00 00 00 37 03 80 FF 00 00 00 00 38 03 80 FF 00 00 00 00 39 03 80 FF 00 00 00 00 3A 03 80 FF 00 00 00 00 3B 03 80 FF 00 00 00 00 3C 03 80 FF 00 00 00 00 3D 03 80 FF 00 00 00 00 3E 03 80 FF 00 00 00 00 3F 03 80 FF 00 00 00 00 40 03 80 FF 00 00 00 00 41 03 80 FF 00 00 00 00 42 03 80 FF 00 00 00 00 43 03 80 FF 00 00 00 00 44 03 80 FF 00 00 00 00 45 03 80 FF 00 00 00 00 46 03 80 FF 00 00 00 00 47 03 80 FF 00 00 00 00 48 03 80 FF 00 00 00 00 49 03 80 FF 00 00 00 00 4A 03 80 FF 00 00 00 00 4B 03 80 FF 00 00 00 00 4C 03 80 FF 00 00 00 00 4D 03 80 FF 00 00 00 00 4E 03 80 FF 00 00 00 00 4F 03 80 FF 00 00 00 00 50 03 80 FF 00 00 00 00 51 03 80 FF 00 00 00 00 52 03 80 FF 00 00 00 00 53 03 80 FF 00 00 00 00 54 03 80 FF 00 00 00 00 55 03 80 FF 00 00 00 00 56 03 80 FF 00 00 00 00 57 03 80 FF 00 00 00 00 58 03 80 FF 00 00 00 00 59 03 80 FF 00 00 00 00 5A 03 80 FF 00 00 00 00 5B 03 80 FF 00 00 00 00 5C 03 80 FF 00 00 00 00 5D 03 80 FF 00 00 00 00 5E 03 80 FF 00 00 00 00 5F 03 80 FF 00 00 00 00 60 03 80 FF 00 00 00 00 61 03 80 FF 00 00 00 00 62 03 80 FF 00 00 00 00 63 03 80 FF 00 00 00 00 64 03 80 FF 00 00 00 00 65 03 80 FF 00 00 00 00 66 03 80 FF 00 00 00 00 67 03 80 FF 00 00 00 00 68 03 80 FF 00 00 00 00 69 03 80 FF 00 00 00 00 6A 03 80 FF 00 00 00 00 6B 03 80 FF 00 00 00 00 6C 03 80 FF 00 00 00 00 6D 03 80 FF 00 00 00 00 6E 03 80 FF 00 00 00 00 6F 03 80 FF 00 00 00 00 70 03 80 FF 00 00 00 00 71 03 80 FF 00 00 00 00 72 03 80 FF 00 00 00 00 73 03 80 FF 00 00 00 00 74 03 80 FF 00 00 00 00 75 03 80 FF 00 00 00 00 76 03 80 FF 00 00 00 00 77 03 80 FF 00 00 00 00 78 03 80 FF 00 00 00 00 79 03 80 FF 00 00 00 00 7A 03 80 FF 00 00 00 00 7B 03 80 FF 00 00 00 00 7C 03 80 FF 00 00 00 00 7D 03 80 FF 00 00 00 00 7E 03 80 FF 00 00 00 00 7F 03 80 FF 00 00 00 00 80 03 80 FF 00 00 00 00 81 03 80 FF 00 00 00 00 82 03 80 FF 00 00 00 00 83 03 80 FF 00 00 00 00 84 03 80 FF 00 00 00 00 85 03 80 FF 00 00 00 00 86 03 80 FF 00 00 00 00 87 03 80 FF 00 00 00 00 88 03 80 FF 00 00 00 00 89 03 80 FF 00 00 00 00 8A 03 80 FF 00 00 00 00 8B 03 80 FF 00 00 00 00 8C 03 80 FF 00 00 00 00 8D 03 80 FF 00 00 00 00 8E 03 80 FF 00 00 00 00 8F 03 80 FF 00 00 00 00 90 03 80 FF 00 00 00 00 91 03 80 FF 00 00 00 00 92 03 80 FF 00 00 00 00 93 03 80 FF 00 00 00 00 94 03 80 FF 00 00 00 00 95 03 80 FF 00 00 00 00 96 03 80 FF 00 00 00 00 97 03 80 FF 00 00 00 00 98 03 80 FF 00 00 00 00 99 03 80 FF 00 00 00 00 9A 03 80 FF 00 00 00 00 9B 03 80 FF 00 00 00 00 9C 03 80 FF 00 00 00 00 9D 03 80 FF 00 00 00 00 9E 03 80 FF 00 00 00 00 9F 03 80 FF 00 00 00 00 A0 03 80 FF 00 00 00 00 A1 03 80 FF 00 00 00 00 A2 03 80 FF 00 00 00 00 A3 03 80 FF 00 00 00 00 A4 03 80 FF 00 00 00 00 A5 03 80 FF 00 00 00 00 A6 03 80 FF 00 00 00 00 A7 03 80 FF 00 00 00 00 A8 03 80 FF 00 00 00 00 A9 03 80 FF 00 00 00 00 AA 03 80 FF 00 00 00 00 AB 03 80 FF 00 00 00 00 AC 03 80 FF 00 00 00 00 AD 03 80 FF 00 00 00 00 AE 03 80 FF 00 00 00 00 AF 03 80 FF 00 00 00 00 B0 03 80 FF 00 00 00 00 B1 03 80 FF 00 00 00 00 B2 03 80 FF 00 00 00 00 B3 03 80 FF 00 00 00 00 B4 03 80 FF 00 00 00 00 B5 03 80 FF 00 00 00 00 B6 03 80 FF 00 00 00 00 B7 03 80 FF 00 00 00 00 B8 03 80 FF 00 00 00 00 B9 03 80 FF 00 00 00 00 BA 03 80 FF 00 00 00 00 BB 03 80 FF 00 00 00 00 BC 03 80 FF 00 00 00 00 BD 03 80 FF 00 00 00 00 BE 03 80 FF 00 00 00 00 BF 03 80 FF 00 00 00 00 C0 03 80 FF 00 00 00 00 C1 03 80 FF 00 00 00 00 C2 03 80 FF 00 00 00 00 C3 03 80 FF 00 00 00 00 C4 03 80 FF 00 00 00 00 C5 03 80 FF 00 00 00 00 C6 03 80 FF 00 00 00 00 C7 03 80 FF 00 00 00 00 C8 03 80 FF 00 00 00 00 C9 03 80 FF 00 00 00 00 CA 03 80 FF 00 00 00 00 CB 03 80 FF 00 00 00 00 CC 03 80 FF 00 00 00 00 CD 03 80 FF 00 00 00 00 CE 03 80 FF 00 00 00 00 CF 03 80 FF 00 00 00 00 D0 03 80 FF 00 00 00 00 D1 03 80 FF 00 00 00 00 D2 03 80 FF 00 00 00 00 D3 03 80 FF 00 00 00 00 D4 03 80 FF 00 00 00 00 D5 03 80 FF 00 00 00 00 D6 03 80 FF 00 00 00 00 D7 03 80 FF 00 00 00 00 D8 03 80 FF 00 00 00 00 D9 03 80 FF 00 00 00 00 DA 03 80 FF 00 00 00 00 DB 03 80 FF 00 00 00 00 DC 03 80 FF 00 00 00 00 DD 03 80 FF 00 00 00 00 DE 03 80 FF 00 00 00 00 DF 03 80 FF 00 00 00 00 E0 03 80 FF 00 00 00 00 E1 03 80 FF 00 00 00 00 E2 03 80 FF 00 00 00 00 E3 03 80 FF 00 00 00 00 E4 03 80 FF 00 00 00 00 E5 03 80 FF 00 00 00 00 E6 03 80 FF 00 00 00 00 E7 03 80 FF 00 00 00 00 E8 03 80 FF 00 00 00 00 E9 03 80 FF 00 00 00 00 EA 03 80 FF 00 00 00 00 EB 03 80 FF 00 00 00 00 EC 03 80 FF 00 00 00 00 ED 03 80 FF 00 00 00 00 EE 03 80 FF 00 00 00 00 EF 03 80 FF 00 00 00 00 F0 03 80 FF 00 00 00 00 F1 03 80 FF 00 00 00 00 F2 03 80 FF 00 00 00 00 F3 03 80 FF 00 00 00 00 F4 03 80 FF 00 00 00 00 F5 03 80 FF 00 00 00 00 F6 03 80 FF 00 00 00 00 F7 03 80 FF 00 00 00 00 F8 03 80 FF 00 00 00 00 F9 03 80 FF 00 00 00 00 FA 03 80 FF 00 00 00 00 FB 03 80 FF 00 00 00 00 FC 03 80 FF 00 00 00 00 FD 03 80 FF 00 00 00 00 FE 03 80 FF 00 00 00 00 FF 03 80 FF
expected: zref::TileResolve
actual: tile origin (3,3)
  px   0 (row  0 col  0): oracle FBE0/00 rtl FBE0/01
  px   1 (row  0 col  1): oracle FC01/01 rtl 0000/00
  px   2 (row  0 col  2): oracle FC00/02 rtl FC00/03
  px   3 (row  0 col  3): oracle FC01/03 rtl 0000/00
  px   4 (row  0 col  4): oracle FBE0/04 rtl FBE0/05
  px   5 (row  0 col  5): oracle FC01/05 rtl 0000/00
  px   6 (row  0 col  6): oracle FC00/06 rtl FC00/07
  px   7 (row  0 col  7): oracle FC01/07 rtl 0000/00
  crc oracle 4C82BEE3 rtl 86C8DB56
